AdjacencyGraph
128
1000
0
25
41
56
72
88
96
105
110
135
151
162
176
185
191
200
208
234
250
262
268
282
295
302
310
325
337
350
354
362
365
369
374
387
394
406
420
432
446
450
453
461
471
476
486
493
499
503
509
514
522
531
534
541
550
555
563
570
578
583
587
595
600
606
609
626
640
656
661
671
675
684
690
696
705
710
716
719
722
727
730
742
749
759
765
772
776
783
783
791
798
803
807
814
820
822
826
839
846
857
864
871
876
884
887
897
902
904
910
919
925
928
930
936
943
948
954
960
965
968
972
979
980
985
989
992
994
996
64
26
100
0
4
72
66
80
1
65
2
0
8
17
0
16
0
0
8
32
32
73
0
4
24
1
9
1
1
81
33
49
7
21
3
33
1
65
1
17
121
43
12
10
22
114
2
16
2
34
2
2
64
39
34
2
67
1
3
43
35
10
3
2
0
3
66
1
23
107
5
35
0
108
4
4
65
76
76
12
64
4
2
5
12
13
16
34
69
4
1
7
1
4
5
1
46
6
2
14
100
6
6
6
71
7
30
103
15
15
8
12
120
8
40
8
65
0
40
8
76
24
45
8
24
8
72
74
44
8
12
4
12
72
76
81
9
9
1
33
9
9
89
4
73
24
15
9
89
25
41
3
2
10
2
10
74
34
2
43
15
15
75
15
83
15
9
13
9
27
18
11
10
27
81
42
56
14
12
22
46
14
8
45
0
29
69
76
13
4
5
10
74
58
10
110
15
14
6
14
53
15
11
79
14
14
15
79
16
16
1
16
26
0
26
18
5
16
0
8
80
112
22
48
0
82
16
0
19
16
16
48
20
54
25
29
17
21
80
34
48
113
19
49
16
22
32
25
16
21
20
2
0
26
2
0
2
2
2
18
8
67
87
10
81
19
19
35
38
17
60
6
52
84
20
16
28
20
20
72
16
4
17
16
17
21
52
17
117
21
17
5
20
4
49
16
50
22
22
78
19
22
94
7
91
112
55
55
31
7
56
0
8
24
29
61
24
16
48
24
17
24
56
92
24
24
9
25
61
17
57
17
25
24
122
17
29
18
59
11
8
26
25
90
10
88
27
16
48
74
91
87
27
3
12
44
12
28
12
24
40
15
93
57
30
30
28
29
14
14
15
31
31
50
36
32
48
32
96
32
36
32
98
112
48
41
32
25
100
32
0
96
33
1
98
2
65
38
98
48
44
50
34
10
32
38
11
3
2
34
39
32
35
18
99
35
42
48
2
1
52
13
36
52
36
45
37
1
4
36
36
36
117
7
3
4
4
121
69
45
5
32
5
45
37
46
100
100
38
103
37
70
37
58
40
40
8
96
40
40
9
40
44
109
33
41
9
1
40
42
40
40
42
42
34
40
41
2
51
15
43
43
43
43
46
43
62
44
8
36
8
44
46
105
45
47
60
101
11
2
46
14
126
15
55
47
45
39
111
120
112
32
52
48
33
125
57
27
45
3
113
35
48
2
16
34
54
50
54
118
59
51
91
59
53
20
124
92
36
52
1
39
21
37
52
29
117
16
49
1
118
20
52
118
54
32
118
54
55
123
119
22
51
48
40
24
60
57
62
56
58
25
52
33
57
56
25
11
58
50
123
51
58
104
121
109
101
56
26
44
60
28
118
49
18
15
61
45
107
29
62
22
92
54
20
54
61
45
85
97
32
64
64
64
82
8
4
0
65
4
64
75
10
80
73
64
8
11
65
65
97
64
1
0
65
64
65
68
1
65
66
65
82
1
1
3
67
97
0
2
64
76
83
98
2
68
65
71
67
19
67
69
86
64
5
64
85
66
4
65
68
1
65
69
79
66
6
68
34
7
84
18
64
66
3
5
67
70
7
3
72
8
104
40
9
0
8
65
73
104
9
73
64
73
97
2
10
74
66
106
10
77
76
47
75
91
64
72
76
79
60
25
78
126
66
78
79
2
78
79
26
0
80
65
80
89
52
24
2
80
80
115
17
81
80
80
80
32
89
89
50
98
2
120
0
1
82
86
48
67
83
27
87
81
19
68
80
69
70
94
20
4
68
125
77
20
22
116
118
82
30
86
71
88
88
116
50
24
8
24
88
1
81
26
72
89
73
93
26
14
90
82
74
91
91
91
91
92
88
12
92
108
30
16
30
56
81
92
21
94
81
82
77
19
14
94
96
96
96
114
112
33
64
40
114
99
65
100
33
96
96
42
113
68
47
65
42
34
104
98
32
110
106
82
102
106
75
37
99
67
99
99
115
74
84
100
68
84
100
100
36
93
37
101
69
96
102
66
6
118
46
118
101
100
71
51
98
104
40
110
104
40
41
96
104
104
120
97
109
97
73
40
72
106
106
107
111
127
57
71
76
104
44
96
44
37
78
100
108
77
104
76
28
108
93
78
76
38
107
107
96
104
37
80
65
72
113
97
112
61
81
100
97
119
96
114
66
114
87
113
95
97
3
99
52
118
115
86
36
84
85
85
23
67
125
85
116
114
85
103
103
54
120
121
56
124
123
120
113
89
112
74
82
122
58
89
83
123
74
108
84
124
112
95
58
114
31
100
91
31
